pos	1	2	3	4	5	6	7	8	9	10	11	12	13	14	15	16	17	18	19	20	21	22	23	24	25	26	27	28	29	30	31	32	33	34	35	36	37	38	39	40	41	42	43	44	45	46	47	48	49	50	51	52	53	54	55
1	1.0	-0.168844382088	0.765508470387	0.160266169944	0.446755653893	0.350698846001	0.74574761043	0.0813750556204	0.779037479408	0.494450074889	0.716637829484	0.543702537546	0.217571416722	0.429745457321	0.702052794607	0.586998151645	0.37684291348	0.521927821527	-0.03428382006	-0.12368899198	-0.500934237717	0.702931060395	0.36400273009	-0.0357609210881	0.524337382513	-0.0647347597779	-0.0972884166483	0.872393362449	-0.253034313907	-0.603141598624	0.0134524076147	0.1344915863	0.175594854482	-0.199112778425	0.134082692948	0.233793975006	-0.185222072469	0.11317434021	0.501318156282	0.0643011237393	0.481735496049	-0.488251561741	-0.00110167559574	-0.454274423155	-0.425452721836	-0.402778986071	0.103949619236	0.215475163218	0.4957406895	-0.15334644951	-0.387705404223	0.507386238206	0.16453040598	0.554212206344	-0.0302860035598
2	-0.168844382088	1.0	-0.248453451585	0.62634854491	-0.0682761413318	0.0779871085572	-0.260944934401	-0.38616578278	-0.555031475562	0.00459030889686	-0.119726963851	-0.4599743943	-0.274940098269	-0.315921956562	-0.344085342957	-0.233438805729	-0.457992854705	-0.0987477354888	-0.273391676463	-0.306350151739	-0.119815416664	-0.0825317847838	0.0488329163319	-0.135494214762	0.322500078695	-0.00652315095766	0.378896803644	-0.222090757392	0.652244095354	0.338767714408	-0.282853319892	0.489954527935	0.464897152721	0.154256579784	-0.352305898758	-0.302739625857	0.0826304688268	0.437649265964	-0.0232583090839	0.201898593775	-0.217791036333	-0.258633422201	-0.0537163644415	0.72990520116	-0.0454967922627	0.0438852802492	-0.195209737878	-0.471879369892	-0.210483990533	-0.440352296824	0.70501140673	-0.269931430476	0.162883420984	-0.00890318272291	0.216069507639
3	0.765508470387	-0.248453451585	1.0	0.00801891851038	0.643441593515	0.294792043142	0.71259995845	0.280116187986	0.757634358209	0.409494736245	0.659979491829	0.549928001157	0.237862761746	0.459418691599	0.686945227905	0.470557750028	0.685077530344	0.464615818991	-0.0390797649689	0.0878289340874	-0.33047740266	0.613509507667	0.211047757684	-0.343397287536	0.141438034913	-0.0730790277353	-0.547517712055	0.735992255144	-0.303908040538	-0.594415434353	-0.238855044173	0.261405752489	-0.214193492274	-0.316896855169	-0.0299027424157	0.429523632336	-0.235615140327	-0.0544583094768	0.359281047538	0.00298949856755	0.383758002222	-0.262805495242	0.0735085478401	-0.346372954291	-0.130912725662	-0.305125672359	-0.142617789687	-0.0276386669371	0.294737626779	0.131831813454	-0.3692213228	0.743521722024	0.198631374629	0.685410604151	-0.104694562707
4	0.160266169944	0.62634854491	0.00801891851038	1.0	0.379616126509	0.0933788908876	0.0550456937031	-0.673690699289	-0.25319739651	-0.341257432935	-0.145526927297	-0.414187866607	-0.270018847233	-0.333002670371	-0.136976660673	-0.306027616867	-0.150085230969	-0.175770704459	-0.438724370176	0.138234570517	-0.53647592548	0.229941977103	0.142021506645	-0.421817325664	0.393455426428	-0.0373373252844	0.393714017296	0.0392771475059	0.673803235896	-0.167239997502	-0.0665210322915	0.485322816963	0.526370047626	0.219025502223	0.10346665502	0.180287335869	0.209096031473	0.414057342463	-0.2016779798	0.292610414496	-0.212362747209	-0.208096556973	0.054790205752	0.456502179398	-0.079987345098	0.128201035503	-0.210683086715	-0.57559548245	-0.242774289975	-0.0163541889545	0.297538244116	0.154589826565	0.786335240009	0.105300723211	0.00575603305095
5	0.446755653893	-0.0682761413318	0.643441593515	0.379616126509	1.0	0.171403073029	0.569598913022	-0.0949381453962	0.434708480898	-0.162289829978	0.325854886627	0.0487385108736	-0.301745337902	-0.0412067816796	0.336181736013	-0.0702362501685	0.569457870142	0.0152247952274	-0.232224202724	0.526177112074	-0.658921898023	0.453800420243	0.120756210161	-0.741043603636	0.0842551191417	0.00189203256944	-0.455692794817	0.43952582009	0.090716288066	-0.445608448625	-0.177354363626	0.553506225641	0.068529410778	-0.0409288603088	0.266957767012	0.805445634508	0.156313807003	0.0433144343529	-0.15662150633	-0.0205485469224	0.0217664151906	-0.169578110978	0.333901774958	0.0312437869006	0.023311077444	0.0432877040863	-0.258615949342	-0.438365863376	-0.103006183561	0.510703418196	-0.187746489727	0.763948002646	0.632766320538	0.444551677336	-0.142549585707
6	0.350698846001	0.0779871085572	0.294792043142	0.0933788908876	0.171403073029	1.0	0.523216777764	0.284642422259	0.316604849351	0.220322816951	0.468781317864	0.207673601312	0.271087431064	0.565332939002	0.65110776968	0.501491781532	0.50353267558	0.679381642051	0.207336119285	-0.34627973593	-0.34094243482	0.143946982055	0.105270840989	0.154664801927	0.233242907991	0.377759991937	0.0594009025924	0.548427749791	-0.180178201218	-0.500308861792	-0.374528750587	0.347536535438	0.0453720518844	-0.177893117387	0.00208948141756	0.03335087302	-0.501127967379	0.506300520524	0.539748297448	0.00123168321431	0.671519374807	-0.38063755252	-0.243826018959	-0.45810194313	-0.222504831835	-0.524829355841	0.177944034323	0.150654007399	-0.0177636763629	0.127863650068	-0.580381204233	0.3173314741	0.0998328761076	0.589321005618	0.530761785296
7	0.74574761043	-0.260944934401	0.71259995845	0.0550456937031	0.569598913022	0.523216777764	1.0	0.166973450404	0.767496342535	0.503187243741	0.654860219606	0.619213530796	0.436231276404	0.558397037992	0.83613375749	0.580820334028	0.639885356172	0.729347567883	0.0312521518118	0.0331046977991	-0.352470836565	0.543574747655	0.137821374365	-0.0933979040906	0.36063129554	0.0522978150004	-0.243583195072	0.857775626497	-0.354477977651	-0.687625206384	-0.024875221833	0.229946794837	0.16548610276	-0.111828213144	0.248011157148	0.424162838023	-0.297948249022	0.115078916432	0.573268067311	-0.00588803197167	0.733115040091	-0.364050484151	-0.0870113200922	-0.457842578749	-0.129780578188	-0.346092898428	0.140725448886	0.343367436895	0.38758222602	0.13037515405	-0.397729744557	0.626592138974	0.255896456717	0.681628464666	0.0542789283277
8	0.0813750556204	-0.38616578278	0.280116187986	-0.673690699289	-0.0949381453962	0.284642422259	0.166973450404	1.0	0.339821910846	0.296778929764	0.391316241656	0.228417310909	0.55351717875	0.524249632284	0.535466925058	0.528336452574	0.611684622114	0.458179531736	0.543375432348	-0.298534288331	0.250519441065	0.0277625634283	-0.0792107481973	0.338928011314	-0.36201164353	-0.219543460414	-0.337906190473	0.242493875596	-0.490803776659	-0.246054617221	-0.131751226555	-0.162131738076	-0.594515095468	-0.283185593999	-0.0600910892567	-0.068097435798	-0.413078644089	-0.330668552631	0.282653243289	-0.454363981084	0.47295666807	0.232596334661	-0.127228320739	-0.485653567206	-0.220789587373	-0.473654542037	0.31726617446	0.495067112612	0.195121299485	0.279738102957	-0.625998118581	0.146945721734	-0.419165309882	-0.0145252051877	0.180972987301
9	0.779037479408	-0.555031475562	0.757634358209	-0.25319739651	0.434708480898	0.316604849351	0.767496342535	0.339821910846	1.0	0.499365030578	0.554038964652	0.680481017598	0.300928997273	0.456998806128	0.703317090003	0.51842811002	0.587206473922	0.451756748248	0.042741566495	0.136638608505	-0.304880076812	0.392500874628	0.0315413604169	-0.0686788685416	0.181575903642	0.0650847368163	-0.317679412284	0.739396090001	-0.379302862871	-0.563887047971	0.110814001383	-0.0878177902641	-0.158894904978	-0.107727226939	0.259922436201	0.417803959141	-0.279172132219	-0.049403006632	0.399652324067	0.00564294607869	0.492303547775	-0.164918845932	-0.0701010332623	-0.6513736328	-0.293661631229	-0.369385483285	0.112253775071	0.37483088482	0.426850415085	0.181591693577	-0.508020934228	0.519919383964	0.0554116208186	0.464061604892	-0.213873906741
10	0.494450074889	0.00459030889686	0.409494736245	-0.341257432935	-0.162289829978	0.220322816951	0.503187243741	0.296778929764	0.499365030578	1.0	0.588147652529	0.54925355075	0.402249938104	0.472490369366	0.442119023403	0.689584192776	0.112994602388	0.595086612511	0.104037864992	-0.513970231482	0.270562451733	0.186408606324	0.0287266390187	0.322494850049	0.432874869414	-0.104347438023	-0.14101379636	0.49391558216	-0.497649041391	-0.0514245538737	-0.00169547009625	-0.25501113664	-0.0296961025388	-0.305241469562	-0.324389905597	-0.297880597916	-0.312007500999	0.0982850153716	0.746648650854	-0.0684168043902	0.523446290515	-0.441823723901	-0.269135018477	-0.311109157625	-0.203100916287	-0.435659205597	0.220925157798	0.544613657452	0.640529667435	-0.565341363224	-0.061084411579	-0.064187317223	-0.406583001358	0.318690497501	0.0197301559408
11	0.716637829484	-0.119726963851	0.659979491829	-0.145526927297	0.325854886627	0.468781317864	0.654860219606	0.391316241656	0.554038964652	0.588147652529	1.0	0.511803064352	0.440675761641	0.762996884406	0.848471518063	0.840083360623	0.668588590142	0.670760457164	0.318525418213	-0.35738335022	-0.251974585678	0.650293685138	0.528908262966	0.0756306826337	0.288883875263	-0.20729481593	-0.420081562231	0.798264147196	-0.760833510417	-0.430236014641	-0.477156886511	0.197432711153	-0.0989323561819	-0.614117161236	-0.419541141769	0.0536247282509	-0.296991054578	0.077405341916	0.783689973131	-0.426417075852	0.503781217365	-0.395216747268	-0.0831128860512	-0.486815168458	-0.339862561192	-0.479345807997	-0.156288295613	0.112470300498	0.517260483334	-0.168692561086	-0.507934679736	0.504828572077	-0.176787113742	0.540696663213	0.374319973755
12	0.543702537546	-0.4599743943	0.549928001157	-0.414187866607	0.0487385108736	0.207673601312	0.619213530796	0.228417310909	0.680481017598	0.54925355075	0.511803064352	1.0	0.483884105939	0.706182183274	0.616356729806	0.659003401346	0.312458098913	0.599653385216	0.27406150466	-0.168124231288	0.0560591403465	0.414771052693	0.209152469577	0.32470365431	0.0356436542336	-0.088210972632	-0.266816121107	0.579126817348	-0.519685022178	-0.408678109257	-0.0329433584901	-0.317203365345	-0.193055490082	-0.195768328668	-0.0384099060319	-0.0894686146171	-0.352505299613	-0.325953881776	0.64742409755	0.092036111715	0.549705461348	-0.0685321484339	-0.080900651871	-0.424728125951	-0.0782730796146	-0.248658028241	0.154225530719	0.491542688804	0.562318265528	-0.059123583432	-0.129757749112	0.389576248356	-0.239871964342	0.555053232581	0.132423301461
13	0.217571416722	-0.274940098269	0.237862761746	-0.270018847233	-0.301745337902	0.271087431064	0.436231276404	0.55351717875	0.300928997273	0.402249938104	0.440675761641	0.483884105939	1.0	0.705725946006	0.687953210226	0.691832960444	0.398772389861	0.598956347719	0.438224334441	-0.442214609362	0.102169004318	0.296766553861	0.0429132174101	0.518439366934	-0.0795876636547	-0.555817486895	0.00188837110829	0.455386353408	-0.435881394408	-0.420570218027	0.0428496446354	-0.4130863951	-0.285469076583	-0.421583987897	-0.244440120196	-0.506951243322	-0.585402783131	-0.289700069784	0.607079258159	-0.327854362404	0.639780532674	0.28962343912	-0.491181021699	-0.52356580676	-0.456480793171	-0.395302234159	0.309508788965	0.539574694605	0.303353462824	-0.031378050557	-0.271731752482	0.0174625585705	-0.183174055128	-0.0264721596918	0.219312092973
14	0.429745457321	-0.315921956562	0.459418691599	-0.333002670371	-0.0412067816796	0.565332939002	0.558397037992	0.524249632284	0.456998806128	0.472490369366	0.762996884406	0.706182183274	0.705725946006	1.0	0.874293552499	0.930278731451	0.646785485365	0.841251657626	0.650877591034	-0.439728146884	0.0450736745512	0.57843085864	0.564533769189	0.51914196316	0.0907656031548	-0.178450882478	-0.0714249125991	0.710271041452	-0.734550102259	-0.382111397075	-0.388190477872	-0.000644684983146	-0.137374122908	-0.453259474703	-0.131784746588	-0.285685501702	-0.691750056358	-0.178363007338	0.871044202237	-0.323062276732	0.742339419449	-0.126240785414	-0.0655071332012	-0.584232612712	-0.0827208548533	-0.366213402792	0.264232281033	0.456163934243	0.305689423158	0.055086947267	-0.493869508643	0.474749551892	-0.343805237174	0.572115801913	0.570315553373
15	0.702052794607	-0.344085342957	0.686945227905	-0.136976660673	0.336181736013	0.65110776968	0.83613375749	0.535466925058	0.703317090003	0.442119023403	0.848471518063	0.616356729806	0.687953210226	0.874293552499	1.0	0.845682574277	0.777401990142	0.776386997044	0.375601053945	-0.232033600206	-0.374772359351	0.649602963245	0.379921392097	0.17219470692	0.201760537672	-0.205455772477	-0.240119750733	0.884554732996	-0.60021081719	-0.664851290228	-0.310685777429	0.136486242037	-0.127401450718	-0.415216137887	-0.0675233789985	0.150529623742	-0.651196265055	0.0681189286592	0.747653430527	-0.318005800415	0.73295684123	-0.126324740034	-0.152585617623	-0.684276299801	-0.416712853503	-0.474384687398	0.0557436911475	0.290768093497	0.360598095308	0.130984331237	-0.609924548689	0.585771520505	-0.0493751974987	0.531678823168	0.420272022243
16	0.586998151645	-0.233438805729	0.470557750028	-0.306027616867	-0.0702362501685	0.501491781532	0.580820334028	0.528336452574	0.51842811002	0.689584192776	0.840083360623	0.659003401346	0.691832960444	0.930278731451	0.845682574277	1.0	0.538390036141	0.817390590447	0.543126147964	-0.546081452484	0.069805890876	0.581456916469	0.514427841151	0.505345042577	0.270459800996	-0.221676148663	-0.100474212966	0.740994363818	-0.730750416758	-0.365950868125	-0.35125448205	-0.0808058673078	-0.111462777596	-0.476938562717	-0.297271995952	-0.270951112701	-0.573911564773	-0.0245324623209	0.957066483767	-0.379161883703	0.684239377677	-0.262918807165	-0.160306578831	-0.600855913367	-0.279331878777	-0.488123998036	0.156946607024	0.495032601281	0.570881351066	-0.205626191978	-0.48516015565	0.337357294859	-0.395116788029	0.481459161987	0.49433895925
17	0.37684291348	-0.457992854705	0.685077530344	-0.150085230969	0.569457870142	0.50353267558	0.639885356172	0.611684622114	0.587206473922	0.112994602388	0.668588590142	0.312458098913	0.398772389861	0.646785485365	0.777401990142	0.538390036141	1.0	0.504864987826	0.425696510495	0.194925754752	-0.270726139044	0.500247776256	0.350595652948	-0.132170579929	-0.000298269383493	-0.0968543637393	-0.485476907216	0.667680009013	-0.524788622616	-0.533648620227	-0.443476603229	0.361148256452	-0.217740294142	-0.345478449877	0.0630503223707	0.54883048178	-0.379723095716	-0.0440351422401	0.400727079453	-0.545334490711	0.470023825044	0.0136897876685	0.115066520707	-0.558451410703	-0.0214580060586	-0.209620355539	-0.0890794580427	0.0329473218935	0.0932874570248	0.503243581792	-0.737711204428	0.713493655278	0.0815574002507	0.426942611519	0.315124491479
18	0.521927821527	-0.0987477354888	0.464615818991	-0.175770704459	0.0152247952274	0.679381642051	0.729347567883	0.458179531736	0.451756748248	0.595086612511	0.670760457164	0.599653385216	0.598956347719	0.841251657626	0.776386997044	0.817390590447	0.504864987826	1.0	0.424856337328	-0.4878754249	0.0760747208234	0.448721874716	0.39730379395	0.446503494892	0.392071576191	0.00964083590609	0.166386640483	0.737058549846	-0.564883205672	-0.317551591602	-0.248074582468	0.172561661337	0.218711544979	-0.232706887409	0.0485411337695	-0.153668639177	-0.687489079733	0.0591823682736	0.8622678602	-0.047952846199	0.933443133887	-0.418107167093	-0.133503209975	-0.509895067708	0.0244299254606	-0.506858660262	0.434894837236	0.529199494217	0.336576530944	-0.115973744809	-0.468239573736	0.365083993501	-0.220066181985	0.691223093846	0.468483599148
19	-0.03428382006	-0.273391676463	-0.0390797649689	-0.438724370176	-0.232224202724	0.207336119285	0.0312521518118	0.543375432348	0.042741566495	0.104037864992	0.318525418213	0.27406150466	0.438224334441	0.650877591034	0.375601053945	0.543126147964	0.425696510495	0.424856337328	1.0	-0.141071753633	0.256093427968	0.258941676855	0.418456797481	0.482766346969	-0.0904067168042	-0.218225938987	-0.0488099860738	0.236493587258	-0.437781729187	0.0291509974839	-0.447841988127	-0.0603976708551	-0.128742438729	-0.323441527942	-0.133945355509	-0.280243311508	-0.363933289251	-0.412641754459	0.419614985178	-0.39279570192	0.387730388778	0.281579810704	0.136935025526	-0.256287183138	0.0957285215438	-0.196930654612	0.337767026419	0.366485777121	0.0866309199246	0.254070329167	-0.343332651628	0.11037911033	-0.387483905215	0.106937849432	0.45521627777
20	-0.12368899198	-0.306350151739	0.0878289340874	0.138234570517	0.526177112074	-0.34627973593	0.0331046977991	-0.298534288331	0.136638608505	-0.513970231482	-0.35738335022	-0.168124231288	-0.442214609362	-0.439728146884	-0.232033600206	-0.546081452484	0.194925754752	-0.4878754249	-0.141071753633	1.0	-0.289260657302	-0.0549744823599	-0.149410154074	-0.503779702873	-0.0405389945412	0.105930729786	-0.191443583007	-0.0649934485643	0.286884907284	-0.0185301861739	0.285918015793	0.225311136198	0.166558869096	0.433604459871	0.535424865026	0.761512216395	0.524819467977	-0.247277703761	-0.533873416367	0.00810051324514	-0.329796529209	0.309958824767	0.549148075357	0.179201533672	0.311680601322	0.625317984514	-0.0807702203586	-0.255196246007	-0.38740705566	0.642103151841	0.0176648675328	0.306792731815	0.428011471227	-0.0704120758164	-0.462525095443
21	-0.500934237717	-0.119815416664	-0.33047740266	-0.53647592548	-0.658921898023	-0.34094243482	-0.352470836565	0.250519441065	-0.304880076812	0.270562451733	-0.251974585678	0.0560591403465	0.102169004318	0.0450736745512	-0.374772359351	0.069805890876	-0.270726139044	0.0760747208234	0.256093427968	-0.289260657302	1.0	-0.458479959026	-0.117277570346	0.407732974921	-0.247759867354	0.15799815626	0.0309799202375	-0.420519393647	-0.307238024971	0.557113317322	0.0936598249747	-0.381970206369	-0.17415057374	-0.146355113113	-0.146354589946	-0.497763553753	0.101323274621	-0.267970931558	0.100542724783	-0.128616259329	-0.0187975658003	-0.00864995734117	-0.110827365992	0.0266572960789	0.535808160784	-0.0338468062849	0.178913134212	0.491243815065	0.202679701248	-0.2122965857	0.0649877647103	-0.425581288071	-0.542001955829	-0.134923915148	-0.127147842698
22	0.702931060395	-0.0825317847838	0.613509507667	0.229941977103	0.453800420243	0.143946982055	0.543574747655	0.0277625634283	0.392500874628	0.186408606324	0.650293685138	0.414771052693	0.296766553861	0.57843085864	0.649602963245	0.581456916469	0.500247776256	0.448721874716	0.258941676855	-0.0549744823599	-0.458479959026	1.0	0.730382388907	-0.0194963340047	0.297349323331	-0.520140244423	-0.0804246643229	0.762597574839	-0.248659120268	-0.360808535447	-0.30320114724	0.346887575314	0.116472138587	-0.29840158524	0.0259309355944	0.102292073426	-0.335174700621	-0.196839626705	0.504788230217	-0.214484865128	0.348990795027	-0.126579367403	0.283009223345	-0.166053285399	-0.244071346636	-0.0658502806348	-0.0128638411609	-0.0735557900637	0.186976152551	0.00212462511892	-0.23693608086	0.696757443811	0.0846104346405	0.573927223669	0.316825544101
23	0.36400273009	0.0488329163319	0.211047757684	0.142021506645	0.120756210161	0.105270840989	0.137821374365	-0.0792107481973	0.0315413604169	0.0287266390187	0.528908262966	0.209152469577	0.0429132174101	0.564533769189	0.379921392097	0.514427841151	0.350595652948	0.39730379395	0.418456797481	-0.149410154074	-0.117277570346	0.730382388907	1.0	0.253693047807	0.353553614224	-0.215090855641	0.104777582845	0.481122957155	-0.352304145228	-0.0124031534218	-0.574962607939	0.428421895298	0.285052731432	-0.241838808741	-0.162146797692	-0.0631262440374	-0.0585624913291	-0.0923156322867	0.479823017619	-0.414307049778	0.166287406332	-0.319516847278	0.41007979435	-0.0317016348789	0.163349070768	0.202068876188	-0.186405201202	-0.150614275074	0.219946763249	-0.127824912327	-0.230802031747	0.483197461162	-0.222884652207	0.470876936673	0.574379087391
24	-0.0357609210881	-0.135494214762	-0.343397287536	-0.421817325664	-0.741043603636	0.154664801927	-0.0933979040906	0.338928011314	-0.0686788685416	0.322494850049	0.0756306826337	0.32470365431	0.518439366934	0.51914196316	0.17219470692	0.505345042577	-0.132170579929	0.446503494892	0.482766346969	-0.503779702873	0.407732974921	-0.0194963340047	0.253693047807	1.0	0.214174593088	-0.205058978197	0.461729831483	0.10347245688	-0.313375218092	0.0788607008685	0.132344830215	-0.4061757362	0.0861956070842	0.146891022416	0.00767391702547	-0.624047433075	-0.259208775881	-0.279784781564	0.583011774114	-0.242038257057	0.428677083838	0.0521269533222	-0.0216333928637	-0.253537573324	-0.0919477990361	-0.035405306139	0.508264426852	0.659479137428	0.384102345716	-0.383500065404	-0.170438216524	-0.327620145944	-0.634933548621	-0.0597618330579	0.425464713895
25	0.524337382513	0.322500078695	0.141438034913	0.393455426428	0.0842551191417	0.233242907991	0.36063129554	-0.36201164353	0.181575903642	0.432874869414	0.288883875263	0.0356436542336	-0.0795876636547	0.0907656031548	0.201760537672	0.270459800996	-0.000298269383493	0.392071576191	-0.0904067168042	-0.0405389945412	-0.247759867354	0.297349323331	0.353553614224	0.214174593088	1.0	-0.0402156568015	0.379697874339	0.535597284581	0.0760786926327	0.0440365768485	0.0764460711959	0.2928603049	0.768708203891	0.260130513551	0.12068780197	0.0852219961771	0.126040824912	0.266530186167	0.498983929922	0.118965602855	0.385869450031	-0.64175770969	0.183771993352	0.0106096522337	-0.0468165017975	0.0294592612736	0.216269672576	0.107088709986	0.31222776663	-0.556627839459	-0.0124883086569	-0.0405329065797	0.0917492075982	0.311464255327	0.0526292901319
26	-0.0647347597779	-0.00652315095766	-0.0730790277353	-0.0373373252844	0.00189203256944	0.377759991937	0.0522978150004	-0.219543460414	0.0650847368163	-0.104347438023	-0.20729481593	-0.088210972632	-0.555817486895	-0.178450882478	-0.205455772477	-0.221676148663	-0.0968543637393	0.00964083590609	-0.218225938987	0.105930729786	0.15799815626	-0.520140244423	-0.215090855641	-0.205058978197	-0.0402156568015	1.0	-0.00331842587798	-0.125736206866	0.0470574455613	0.0524845373389	-0.100730733652	0.233191548832	0.0917752526603	0.0217024104781	0.115784738067	0.296559413088	0.215868993841	0.55138636455	-0.195993634081	0.35212048367	-0.0312660776354	-0.544029373688	-0.0758836828784	-0.0966686303727	0.464027993656	-0.0574012050184	-0.135344884615	0.0200176225339	-0.167858115926	0.186714181173	-0.167521406585	0.0675124854982	0.0744007816043	0.399225543637	-0.118486404787
27	-0.0972884166483	0.378896803644	-0.547517712055	0.393714017296	-0.455692794817	0.0594009025924	-0.243583195072	-0.337906190473	-0.317679412284	-0.14101379636	-0.420081562231	-0.266816121107	0.00188837110829	-0.0714249125991	-0.240119750733	-0.100474212966	-0.485476907216	0.166386640483	-0.0488099860738	-0.191443583007	0.0309799202375	-0.0804246643229	0.104777582845	0.461729831483	0.379697874339	-0.00331842587798	1.0	-0.111230753619	0.477089005193	0.34151664421	0.361483333253	0.0225984290105	0.649231113472	0.469298135779	0.368769326367	-0.411332259049	-0.152720968176	0.138805064719	0.0338659917853	0.222282242938	0.277976634409	-0.0748774836109	-0.0365366398325	0.151167521505	0.0286230280731	0.14661208525	0.422444496996	0.18164388367	-0.243701643336	-0.221935393797	0.182553471163	-0.33672659848	0.0607564694655	-0.155109519407	0.311312254083
28	0.872393362449	-0.222090757392	0.735992255144	0.0392771475059	0.43952582009	0.548427749791	0.857775626497	0.242493875596	0.739396090001	0.49391558216	0.798264147196	0.579126817348	0.455386353408	0.710271041452	0.884554732996	0.740994363818	0.667680009013	0.737058549846	0.236493587258	-0.0649934485643	-0.420519393647	0.762597574839	0.481122957155	0.10347245688	0.535597284581	-0.125736206866	-0.111230753619	1.0	-0.408058016465	-0.498474933713	-0.135766297274	0.269720289849	0.207511973202	-0.218859229553	0.152885398938	0.245556978057	-0.484506657384	0.0105483617519	0.736541053944	-0.161239309019	0.720771056674	-0.359318808184	0.0709635372805	-0.502156090721	-0.268706192771	-0.297629338029	0.191654665138	0.268483055369	0.383986711798	-0.037182789288	-0.50877460235	0.631110881715	0.0639305695347	0.666246377044	0.19916965031
29	-0.253034313907	0.652244095354	-0.303908040538	0.673803235896	0.090716288066	-0.180178201218	-0.354477977651	-0.490803776659	-0.379302862871	-0.497649041391	-0.760833510417	-0.519685022178	-0.435881394408	-0.734550102259	-0.60021081719	-0.730750416758	-0.524788622616	-0.564883205672	-0.437781729187	0.286884907284	-0.307238024971	-0.248659120268	-0.352304145228	-0.313375218092	0.0760786926327	0.0470574455613	0.477089005193	-0.408058016465	1.0	0.175876259126	0.311437214319	0.261620302075	0.367629378085	0.55646728837	0.375959421611	0.0464180932534	0.268789496433	0.117535420394	-0.669729257161	0.532881505399	-0.440326914189	0.110048213456	0.075973154895	0.675082279399	-0.0294410999796	0.210065318861	0.0957685706126	-0.423738254898	-0.4366224318	0.0586965291321	0.49094546524	-0.244105506778	0.61996241802	-0.273841012299	-0.338515337149
30	-0.603141598624	0.338767714408	-0.594415434353	-0.167239997502	-0.445608448625	-0.500308861792	-0.687625206384	-0.246054617221	-0.563887047971	-0.0514245538737	-0.430236014641	-0.408678109257	-0.420570218027	-0.382111397075	-0.664851290228	-0.365950868125	-0.533648620227	-0.317551591602	0.0291509974839	-0.0185301861739	0.557113317322	-0.360808535447	-0.0124031534218	0.0788607008685	0.0440365768485	0.0524845373389	0.34151664421	-0.498474933713	0.175876259126	1.0	0.123824539659	-0.0255139937404	0.350038219501	0.160689746543	-0.0317097715248	-0.374145959943	0.16349221656	-0.134690698772	-0.203220707932	-0.0149517814318	-0.325633897306	-0.0479997138798	0.101184608255	0.508475797963	0.53097276209	0.328995894311	0.112984722883	-0.0739350486742	-0.282276494681	-0.29434304227	0.472231514406	-0.490562458885	-0.362731984479	-0.370943161819	-0.184379928844
31	0.0134524076147	-0.282853319892	-0.238855044173	-0.0665210322915	-0.177354363626	-0.374528750587	-0.024875221833	-0.131751226555	0.110814001383	-0.00169547009625	-0.477156886511	-0.0329433584901	0.0428496446354	-0.388190477872	-0.310685777429	-0.35125448205	-0.443476603229	-0.248074582468	-0.447841988127	0.285918015793	0.0936598249747	-0.30320114724	-0.574962607939	0.132344830215	0.0764460711959	-0.100730733652	0.361483333253	-0.135766297274	0.311437214319	0.123824539659	1.0	-0.542572020562	0.177245593847	0.484045339582	0.622764717613	0.0278844828729	0.200262357179	-0.354860289758	-0.2698468207	0.206120731961	-0.00667461303378	0.127316825612	0.0170231114515	-0.0397778601916	-0.0501534048039	0.224779816563	0.563106836894	0.454936024208	-0.0612352769251	-0.0463972148633	0.159373287471	-0.319677314984	0.15768819687	-0.333633167007	-0.741187530662
32	0.1344915863	0.489954527935	0.261405752489	0.485322816963	0.553506225641	0.347536535438	0.229946794837	-0.162131738076	-0.0878177902641	-0.25501113664	0.197432711153	-0.317203365345	-0.4130863951	-0.000644684983146	0.136486242037	-0.0808058673078	0.361148256452	0.172561661337	-0.0603976708551	0.225311136198	-0.381970206369	0.346887575314	0.428421895298	-0.4061757362	0.2928603049	0.233191548832	0.0225984290105	0.269720289849	0.261620302075	-0.0255139937404	-0.542572020562	1.0	0.444581369295	0.197590143895	0.13073165755	0.485387718039	0.0527649911251	0.400799095603	0.00440563009017	-0.0740332607528	0.0691467526855	-0.252623580784	0.368382125327	0.334891722468	0.220857931273	0.171329473625	-0.310555712122	-0.53267829328	-0.358109815049	0.208866594296	-0.0633947251282	0.51359248182	0.254891528657	0.459804542578	0.35407765298
33	0.175594854482	0.464897152721	-0.214193492274	0.526370047626	0.068529410778	0.0453720518844	0.16548610276	-0.594515095468	-0.158894904978	-0.0296961025388	-0.0989323561819	-0.193055490082	-0.285469076583	-0.137374122908	-0.127401450718	-0.111462777596	-0.217740294142	0.218711544979	-0.128742438729	0.166558869096	-0.17415057374	0.116472138587	0.285052731432	0.0861956070842	0.768708203891	0.0917752526603	0.649231113472	0.207511973202	0.367629378085	0.350038219501	0.177245593847	0.444581369295	1.0	0.469338326665	0.376808493909	0.0970602989563	0.239032657514	0.159460999141	0.147510484418	0.201374201527	0.235646504001	-0.44488022414	0.252100800393	0.324843891952	0.281731320928	0.330099464517	0.205556972622	-0.0512673302857	-0.0693323819736	-0.263509032928	0.255723351948	-0.0467139718761	0.270471534316	0.166645094517	-0.0276318386015
34	-0.199112778425	0.154256579784	-0.316896855169	0.219025502223	-0.0409288603088	-0.177893117387	-0.111828213144	-0.283185593999	-0.107727226939	-0.305241469562	-0.614117161236	-0.195768328668	-0.421583987897	-0.453259474703	-0.415216137887	-0.476938562717	-0.345478449877	-0.232706887409	-0.323441527942	0.433604459871	-0.146355113113	-0.29840158524	-0.241838808741	0.146891022416	0.260130513551	0.0217024104781	0.469298135779	-0.218859229553	0.55646728837	0.160689746543	0.484045339582	0.197590143895	0.469338326665	1.0	0.711350813055	0.278555386919	0.354792452082	-0.0165681368587	-0.270882413075	0.247659850659	-0.0754829767631	0.270051339024	0.42332162442	0.388130421258	0.121957179853	0.54386119651	0.257706247099	0.048945150827	-0.163863075688	0.0260842001165	0.206998071384	-0.182313718217	0.0953753675977	-0.16590163161	-0.0921435195155
35	0.134082692948	-0.352305898758	-0.0299027424157	0.10346665502	0.266957767012	0.00208948141756	0.248011157148	-0.0600910892567	0.259922436201	-0.324389905597	-0.419541141769	-0.0384099060319	-0.244440120196	-0.131784746588	-0.0675233789985	-0.297271995952	0.0630503223707	0.0485411337695	-0.133945355509	0.535424865026	-0.146354589946	0.0259309355944	-0.162146797692	0.00767391702547	0.12068780197	0.115784738067	0.368769326367	0.152885398938	0.375959421611	-0.0317097715248	0.622764717613	0.13073165755	0.376808493909	0.711350813055	1.0	0.461897582842	0.129889050619	-0.28499692504	-0.219296363359	0.172161784358	0.266047588989	0.0535346516631	0.414039727415	-0.0678609630977	0.235596690488	0.285076662141	0.581316514741	0.28970343531	-0.303996764618	0.469699912908	-0.279024528485	0.304357722125	0.319348264772	0.107501381999	-0.334447968101
36	0.233793975006	-0.302739625857	0.429523632336	0.180287335869	0.805445634508	0.03335087302	0.424162838023	-0.068097435798	0.417803959141	-0.297880597916	0.0536247282509	-0.0894686146171	-0.506951243322	-0.285685501702	0.150529623742	-0.270951112701	0.54883048178	-0.153668639177	-0.280243311508	0.761512216395	-0.497763553753	0.102292073426	-0.0631262440374	-0.624047433075	0.0852219961771	0.296559413088	-0.411332259049	0.245556978057	0.0464180932534	-0.374145959943	0.0278844828729	0.485387718039	0.0970602989563	0.278555386919	0.461897582842	1.0	0.450768839009	0.102907128867	-0.306258009766	-0.104425677064	-0.0768875546071	-0.0148822684608	0.376410939912	-0.095897825434	0.193005694116	0.233129136059	-0.2503285889	-0.287505628185	-0.0957182767266	0.553081036418	-0.344263868988	0.555021519041	0.450912240477	0.208515093509	-0.309964809539
37	-0.185222072469	0.0826304688268	-0.235615140327	0.209096031473	0.156313807003	-0.501127967379	-0.297948249022	-0.413078644089	-0.279172132219	-0.312007500999	-0.296991054578	-0.352505299613	-0.585402783131	-0.691750056358	-0.651196265055	-0.573911564773	-0.379723095716	-0.687489079733	-0.363933289251	0.524819467977	0.101323274621	-0.335174700621	-0.0585624913291	-0.259208775881	0.126040824912	0.215868993841	-0.152720968176	-0.484506657384	0.268789496433	0.16349221656	0.200262357179	0.0527649911251	0.239032657514	0.354792452082	0.129889050619	0.450768839009	1.0	-0.0209562539472	-0.469487316348	-0.10602741196	-0.786216867839	-0.14509644108	0.456061353481	0.457944590216	0.337570105743	0.478829723899	-0.330613069881	-0.313457713017	0.218648968806	-0.118394481156	0.25108881301	-0.203080139832	0.257250851908	-0.341246282152	-0.42944658861
38	0.11317434021	0.437649265964	-0.0544583094768	0.414057342463	0.0433144343529	0.506300520524	0.115078916432	-0.330668552631	-0.049403006632	0.0982850153716	0.077405341916	-0.325953881776	-0.289700069784	-0.178363007338	0.0681189286592	-0.0245324623209	-0.0440351422401	0.0591823682736	-0.412641754459	-0.247277703761	-0.267970931558	-0.196839626705	-0.0923156322867	-0.279784781564	0.266530186167	0.55138636455	0.138805064719	0.0105483617519	0.117535420394	-0.134690698772	-0.354860289758	0.400799095603	0.159460999141	-0.0165681368587	-0.28499692504	0.102907128867	-0.0209562539472	1.0	0.0432155686092	0.213481820911	-0.00739157121085	-0.430942193157	-0.436751882797	-0.053154865257	-0.239889212494	-0.266751596365	-0.427453204936	-0.316288892109	-0.0792655635168	-0.263623949321	-0.0559707440284	-0.099197589626	0.125363517945	0.181855949952	0.281357738209
39	0.501318156282	-0.0232583090839	0.359281047538	-0.2016779798	-0.15662150633	0.539748297448	0.573268067311	0.282653243289	0.399652324067	0.746648650854	0.783689973131	0.64742409755	0.607079258159	0.871044202237	0.747653430527	0.957066483767	0.400727079453	0.8622678602	0.419614985178	-0.533873416367	0.100542724783	0.504788230217	0.479823017619	0.583011774114	0.498983929922	-0.195993634081	0.0338659917853	0.736541053944	-0.669729257161	-0.203220707932	-0.2698468207	0.00440563009017	0.147510484418	-0.270882413075	-0.219296363359	-0.306258009766	-0.469487316348	0.0432155686092	1.0	-0.250691000794	0.764242191613	-0.350089255996	-0.0879249892413	-0.426719399848	-0.128926050047	-0.304104839587	0.266561688895	0.498180062886	0.518090110696	-0.424609839576	-0.298854792515	0.20117302424	-0.392224173931	0.528618509743	0.548561417948
40	0.0643011237393	0.201898593775	0.00298949856755	0.292610414496	-0.0205485469224	0.00123168321431	-0.00588803197167	-0.454363981084	0.00564294607869	-0.0684168043902	-0.426417075852	0.092036111715	-0.327854362404	-0.323062276732	-0.318005800415	-0.379161883703	-0.545334490711	-0.047952846199	-0.39279570192	0.00810051324514	-0.128616259329	-0.214484865128	-0.414307049778	-0.242038257057	0.118965602855	0.35212048367	0.222282242938	-0.161239309019	0.532881505399	-0.0149517814318	0.206120731961	-0.0740332607528	0.201374201527	0.247659850659	0.172161784358	-0.104425677064	-0.10602741196	0.213481820911	-0.250691000794	1.0	0.079615561632	-0.118977460881	-0.250650189405	0.145062224397	0.0399793587583	-0.267576886893	0.189228174528	-0.0799904492045	-0.164462151996	-0.134849307394	0.43037065536	-0.255122959646	0.327565484703	0.19904809589	-0.219525839682
41	0.481735496049	-0.217791036333	0.383758002222	-0.212362747209	0.0217664151906	0.671519374807	0.733115040091	0.47295666807	0.492303547775	0.523446290515	0.503781217365	0.549705461348	0.639780532674	0.742339419449	0.73295684123	0.684239377677	0.470023825044	0.933443133887	0.387730388778	-0.329796529209	-0.0187975658003	0.348990795027	0.166287406332	0.428677083838	0.385869450031	-0.0312660776354	0.277976634409	0.720771056674	-0.440326914189	-0.325633897306	-0.00667461303378	0.0691467526855	0.235646504001	-0.0754829767631	0.266047588989	-0.0768875546071	-0.786216867839	-0.00739157121085	0.764242191613	0.079615561632	1.0	-0.262017901379	-0.132287652714	-0.570097974496	-0.0546536184424	-0.47779769348	0.649140998116	0.629548085553	0.177024620099	-0.00459503887485	-0.476881998839	0.269431929281	-0.141570348673	0.564125356415	0.336334772026
42	-0.488251561741	-0.258633422201	-0.262805495242	-0.208096556973	-0.169578110978	-0.38063755252	-0.364050484151	0.232596334661	-0.164918845932	-0.441823723901	-0.395216747268	-0.0685321484339	0.28962343912	-0.126240785414	-0.126324740034	-0.262918807165	0.0136897876685	-0.418107167093	0.281579810704	0.309958824767	-0.00864995734117	-0.126579367403	-0.319516847278	0.0521269533222	-0.64175770969	-0.544029373688	-0.0748774836109	-0.359318808184	0.110048213456	-0.0479997138798	0.127316825612	-0.252623580784	-0.44488022414	0.270051339024	0.0535346516631	-0.0148822684608	-0.14509644108	-0.430942193157	-0.350089255996	-0.118977460881	-0.262017901379	1.0	-0.0123791779452	0.0720925168971	-0.261482100139	0.202459826738	-0.0343344511509	-0.0555073924462	-0.248823373742	0.40782923199	0.134018229794	-0.187228287924	-0.0884254977408	-0.620339250422	0.0894373756923
43	-0.00110167559574	-0.0537163644415	0.0735085478401	0.054790205752	0.333901774958	-0.243826018959	-0.0870113200922	-0.127228320739	-0.0701010332623	-0.269135018477	-0.0831128860512	-0.080900651871	-0.491181021699	-0.0655071332012	-0.152585617623	-0.160306578831	0.115066520707	-0.133503209975	0.136935025526	0.549148075357	-0.110827365992	0.283009223345	0.41007979435	-0.0216333928637	0.183771993352	-0.0758836828784	-0.0365366398325	0.0709635372805	0.075973154895	0.101184608255	0.0170231114515	0.368382125327	0.252100800393	0.42332162442	0.414039727415	0.376410939912	0.456061353481	-0.436751882797	-0.0879249892413	-0.250650189405	-0.132287652714	-0.0123791779452	1.0	0.344130729272	0.415403718245	0.725106483333	0.0973357336988	-0.109428977493	-0.205953665113	0.231050186773	-0.0286631444763	0.401640665717	-0.0479107216672	0.241688781914	0.0419204156559
44	-0.454274423155	0.72990520116	-0.346372954291	0.456502179398	0.0312437869006	-0.45810194313	-0.457842578749	-0.485653567206	-0.6513736328	-0.311109157625	-0.486815168458	-0.424728125951	-0.52356580676	-0.584232612712	-0.684276299801	-0.600855913367	-0.558451410703	-0.509895067708	-0.256287183138	0.179201533672	0.0266572960789	-0.166053285399	-0.0317016348789	-0.253537573324	0.0106096522337	-0.0966686303727	0.151167521505	-0.502156090721	0.675082279399	0.508475797963	-0.0397778601916	0.334891722468	0.324843891952	0.388130421258	-0.0678609630977	-0.095897825434	0.457944590216	-0.053154865257	-0.426719399848	0.145062224397	-0.570097974496	0.0720925168971	0.344130729272	1.0	0.264831368976	0.523428859932	-0.199433498669	-0.537557061352	-0.283785206582	-0.188335189654	0.827626998165	-0.204950797524	0.169238291435	-0.17904340451	-0.0751272133463
45	-0.425452721836	-0.0454967922627	-0.130912725662	-0.079987345098	0.023311077444	-0.222504831835	-0.129780578188	-0.220789587373	-0.293661631229	-0.203100916287	-0.339862561192	-0.0782730796146	-0.456480793171	-0.0827208548533	-0.416712853503	-0.279331878777	-0.0214580060586	0.0244299254606	0.0957285215438	0.311680601322	0.535808160784	-0.244071346636	0.163349070768	-0.0919477990361	-0.0468165017975	0.464027993656	0.0286230280731	-0.268706192771	-0.0294410999796	0.53097276209	-0.0501534048039	0.220857931273	0.281731320928	0.121957179853	0.235596690488	0.193005694116	0.337570105743	-0.239889212494	-0.128926050047	0.0399793587583	-0.0546536184424	-0.261482100139	0.415403718245	0.264831368976	1.0	0.388381199262	0.0401281536276	0.0117578336482	-0.238738801788	0.244265292402	0.0779988311067	0.203068943633	-0.0175204906986	0.284099235635	-0.163887707689
46	-0.402778986071	0.0438852802492	-0.305125672359	0.128201035503	0.0432877040863	-0.524829355841	-0.346092898428	-0.473654542037	-0.369385483285	-0.435659205597	-0.479345807997	-0.248658028241	-0.395302234159	-0.366213402792	-0.474384687398	-0.488123998036	-0.209620355539	-0.506858660262	-0.196930654612	0.625317984514	-0.0338468062849	-0.0658502806348	0.202068876188	-0.035405306139	0.0294592612736	-0.0574012050184	0.14661208525	-0.297629338029	0.210065318861	0.328995894311	0.224779816563	0.171329473625	0.330099464517	0.54386119651	0.285076662141	0.233129136059	0.478829723899	-0.266751596365	-0.304104839587	-0.267576886893	-0.47779769348	0.202459826738	0.725106483333	0.523428859932	0.388381199262	1.0	-0.20899258402	-0.250440138208	-0.350772950631	0.138827188204	0.354365658318	0.0956871699616	-0.0360841486374	-0.13817553501	-0.138931894675
47	0.103949619236	-0.195209737878	-0.142617789687	-0.210683086715	-0.258615949342	0.177944034323	0.140725448886	0.31726617446	0.112253775071	0.220925157798	-0.156288295613	0.154225530719	0.309508788965	0.264232281033	0.0557436911475	0.156946607024	-0.0890794580427	0.434894837236	0.337767026419	-0.0807702203586	0.178913134212	-0.0128638411609	-0.186405201202	0.508264426852	0.216269672576	-0.135344884615	0.422444496996	0.191654665138	0.0957685706126	0.112984722883	0.563106836894	-0.310555712122	0.205556972622	0.257706247099	0.581316514741	-0.2503285889	-0.330613069881	-0.427453204936	0.266561688895	0.189228174528	0.649140998116	-0.0343344511509	0.0973357336988	-0.199433498669	0.0401281536276	-0.20899258402	1.0	0.72960296968	-0.0695893587083	0.0465157481733	-0.2032745122	-0.175619599224	-0.0398609198416	0.0433500214238	-0.141938926402
